96
1,255,185,186,255,10,0,2,0,254,254,254,254,1,0,1
1,255,185,186,255,10,0,2,0,254,254,254,254,1,0,1
1,209,209,224,255,10,0,1,255,1,255,255,0,255,0,1
1,255,145,0,255,10,0,1,255,1,255,255,0,255,0,1
1,255,255,170,255,10,0,2,253,2,252,254,0,254,0,2
1,184,240,176,255,10,0,2,253,2,252,254,0,254,0,2
1,249,225,249,255,10,0,2,253,2,252,254,0,254,0,2
7,255,185,186,255,10,0,2,0,254,254,254,254,1,0,1,255,248,223,255,10,59,57,59,254,194,254,194,57,59,57,249,249,249,255,6,73,71,73,138,119,138,249,249,249,255,6,138,75,138,138,178,138,249,249,249,255,6,73,163,73,238,118,238,249,249,249,255,6,138,165,138,237,173,237,249,249,59,255,18,159,154,168,154,174,160,174,169,169,174,161,174,155,169,155,159,160,154
7,209,209,224,255,10,0,1,255,1,255,255,0,255,0,1,255,248,223,255,10,59,57,59,254,194,254,194,57,59,57,249,249,249,255,6,73,71,73,138,119,138,249,249,249,255,6,138,75,138,138,178,138,249,249,249,255,6,73,163,73,238,118,238,249,249,249,255,6,138,165,138,237,173,237,249,249,59,255,18,159,154,168,154,174,160,174,169,169,174,161,174,155,169,155,159,160,154
7,255,145,0,255,10,0,1,255,1,255,255,0,255,0,1,255,248,223,255,10,59,57,59,254,194,254,194,57,59,57,249,249,249,255,6,73,71,73,138,119,138,249,249,249,255,6,138,75,138,138,178,138,249,249,249,255,6,73,163,73,238,118,238,249,249,249,255,6,138,165,138,237,173,237,249,249,59,255,18,159,154,168,154,174,160,174,169,169,174,161,174,155,169,155,159,160,154
7,255,255,170,255,10,0,2,253,2,252,254,0,254,0,2,255,248,223,255,10,59,57,59,254,194,254,194,57,59,57,249,249,249,255,6,73,71,73,138,119,138,249,249,249,255,6,138,75,138,138,178,138,249,249,249,255,6,73,163,73,238,118,238,249,249,249,255,6,138,165,138,237,173,237,249,249,59,255,18,159,154,168,154,174,160,174,169,169,174,161,174,155,169,155,159,160,154
7,184,240,176,255,10,0,2,253,2,252,254,0,254,0,2,255,248,223,255,10,59,57,59,254,194,254,194,57,59,57,249,249,249,255,6,73,71,73,138,119,138,249,249,249,255,6,138,75,138,138,178,138,249,249,249,255,6,73,163,73,238,118,238,249,249,249,255,6,138,165,138,237,173,237,249,249,59,255,18,159,154,168,154,174,160,174,169,169,174,161,174,155,169,155,159,160,154
7,249,225,249,255,10,0,2,253,2,252,254,0,254,0,2,255,248,223,255,10,59,57,59,254,194,254,194,57,59,57,249,249,249,255,6,73,71,73,138,119,138,249,249,249,255,6,138,75,138,138,178,138,249,249,249,255,6,73,163,73,238,118,238,249,249,249,255,6,138,165,138,237,173,237,249,249,59,255,18,159,154,168,154,174,160,174,169,169,174,161,174,155,169,155,159,160,154
2,255,185,186,255,10,0,2,0,254,254,254,254,1,0,1,255,255,255,0,22,45,1,56,32,55,49,57,32,80,42,75,57,80,43,95,43,81,43,57,32,46,1
2,209,209,224,255,10,0,1,255,1,255,255,0,255,0,1,255,255,255,0,22,45,1,56,32,55,49,57,32,80,42,75,57,80,43,95,43,81,43,57,32,46,1
2,255,145,0,255,10,0,1,255,1,255,255,0,255,0,1,255,255,255,0,22,45,1,56,32,55,49,57,32,80,42,75,57,80,43,95,43,81,43,57,32,46,1
2,255,255,170,255,10,0,2,253,2,252,254,0,254,0,2,255,255,255,0,22,45,1,56,32,55,49,57,32,80,42,75,57,80,43,95,43,81,43,57,32,46,1
2,184,240,176,255,10,0,2,253,2,252,254,0,254,0,2,255,255,255,0,22,45,1,56,32,55,49,57,32,80,42,75,57,80,43,95,43,81,43,57,32,46,1
2,249,225,249,255,10,0,2,253,2,252,254,0,254,0,2,255,255,255,0,22,45,1,56,32,55,49,57,32,80,42,75,57,80,43,95,43,81,43,57,32,46,1
3,255,185,186,255,10,0,2,0,254,254,254,254,1,0,1,255,255,255,0,34,172,255,162,227,144,220,122,223,145,221,137,200,125,189,137,200,145,221,163,228,169,212,167,196,170,213,185,213,170,214,163,228,173,255,255,255,255,0,18,66,0,67,29,59,47,67,30,81,48,81,65,81,48,95,51,83,48
3,209,209,224,255,10,0,1,255,1,255,255,0,255,0,1,255,255,255,0,34,172,255,162,227,144,220,122,223,145,221,137,200,125,189,137,200,145,221,163,228,169,212,167,196,170,213,185,213,170,214,163,228,173,255,255,255,255,0,18,66,0,67,29,59,47,67,30,81,48,81,65,81,48,95,51,83,48
3,255,145,0,255,10,0,1,255,1,255,255,0,255,0,1,255,255,255,0,34,172,255,162,227,144,220,122,223,145,221,137,200,125,189,137,200,145,221,163,228,169,212,167,196,170,213,185,213,170,214,163,228,173,255,255,255,255,0,18,66,0,67,29,59,47,67,30,81,48,81,65,81,48,95,51,83,48
3,255,255,170,255,10,0,2,253,2,252,254,0,254,0,2,255,255,255,0,34,172,255,162,227,144,220,122,223,145,221,137,200,125,189,137,200,145,221,163,228,169,212,167,196,170,213,185,213,170,214,163,228,173,255,255,255,255,0,18,66,0,67,29,59,47,67,30,81,48,81,65,81,48,95,51,83,48
3,184,240,176,255,10,0,2,253,2,252,254,0,254,0,2,255,255,255,0,34,172,255,162,227,144,220,122,223,145,221,137,200,125,189,137,200,145,221,163,228,169,212,167,196,170,213,185,213,170,214,163,228,173,255,255,255,255,0,18,66,0,67,29,59,47,67,30,81,48,81,65,81,48,95,51,83,48
3,249,225,249,255,10,0,2,253,2,252,254,0,254,0,2,255,255,255,0,34,172,255,162,227,144,220,122,223,145,221,137,200,125,189,137,200,145,221,163,228,169,212,167,196,170,213,185,213,170,214,163,228,173,255,255,255,255,0,18,66,0,67,29,59,47,67,30,81,48,81,65,81,48,95,51,83,48
2,255,185,186,255,10,0,2,0,254,254,254,254,1,0,1,255,255,255,0,52,43,255,29,235,19,235,30,235,35,223,31,236,43,255,57,228,68,222,83,222,92,238,84,222,95,207,106,206,96,208,91,193,96,207,85,223,68,222,56,228,54,216,46,210,54,217,62,204,55,217,56,229
2,209,209,224,255,10,0,1,255,1,255,255,0,255,0,1,255,255,255,0,52,43,255,29,235,19,235,30,235,35,223,31,236,43,255,57,228,68,222,83,222,92,238,84,222,95,207,106,206,96,208,91,193,96,207,85,223,68,222,56,228,54,216,46,210,54,217,62,204,55,217,56,229
2,255,145,0,255,10,0,1,255,1,255,255,0,255,0,1,255,255,255,0,52,43,255,29,235,19,235,30,235,35,223,31,236,43,255,57,228,68,222,83,222,92,238,84,222,95,207,106,206,96,208,91,193,96,207,85,223,68,222,56,228,54,216,46,210,54,217,62,204,55,217,56,229
2,255,255,170,255,10,0,2,253,2,252,254,0,254,0,2,255,255,255,0,52,43,255,29,235,19,235,30,235,35,223,31,236,43,255,57,228,68,222,83,222,92,238,84,222,95,207,106,206,96,208,91,193,96,207,85,223,68,222,56,228,54,216,46,210,54,217,62,204,55,217,56,229
2,184,240,176,255,10,0,2,253,2,252,254,0,254,0,2,255,255,255,0,52,43,255,29,235,19,235,30,235,35,223,31,236,43,255,57,228,68,222,83,222,92,238,84,222,95,207,106,206,96,208,91,193,96,207,85,223,68,222,56,228,54,216,46,210,54,217,62,204,55,217,56,229
2,249,225,249,255,10,0,2,253,2,252,254,0,254,0,2,255,255,255,0,52,43,255,29,235,19,235,30,235,35,223,31,236,43,255,57,228,68,222,83,222,92,238,84,222,95,207,106,206,96,208,91,193,96,207,85,223,68,222,56,228,54,216,46,210,54,217,62,204,55,217,56,229
5,255,185,186,255,10,0,2,0,254,254,254,254,1,0,1,231,230,232,255,10,49,62,204,62,204,255,49,255,49,63,201,200,202,255,6,121,63,121,255,76,255,201,200,202,255,6,204,63,204,255,163,255,238,238,238,255,10,37,37,37,52,219,53,219,37,37,37
5,209,209,224,255,10,0,1,255,1,255,255,0,255,0,1,231,230,232,255,10,49,62,204,62,204,255,49,255,49,63,201,200,202,255,6,121,63,121,255,76,255,201,200,202,255,6,204,63,204,255,163,255,238,238,238,255,10,37,37,37,52,219,53,219,37,37,37
5,255,145,0,255,10,0,1,255,1,255,255,0,255,0,1,231,230,232,255,10,49,62,204,62,204,255,49,255,49,63,201,200,202,255,6,121,63,121,255,76,255,201,200,202,255,6,204,63,204,255,163,255,238,238,238,255,10,37,37,37,52,219,53,219,37,37,37
5,255,255,170,255,10,0,2,253,2,252,254,0,254,0,2,231,230,232,255,10,49,62,204,62,204,255,49,255,49,63,201,200,202,255,6,121,63,121,255,76,255,201,200,202,255,6,204,63,204,255,163,255,238,238,238,255,10,37,37,37,52,219,53,219,37,37,37
5,184,240,176,255,10,0,2,253,2,252,254,0,254,0,2,231,230,232,255,10,49,62,204,62,204,255,49,255,49,63,201,200,202,255,6,121,63,121,255,76,255,201,200,202,255,6,204,63,204,255,163,255,238,238,238,255,10,37,37,37,52,219,53,219,37,37,37
5,249,225,249,255,10,0,2,253,2,252,254,0,254,0,2,231,230,232,255,10,49,62,204,62,204,255,49,255,49,63,201,200,202,255,6,121,63,121,255,76,255,201,200,202,255,6,204,63,204,255,163,255,238,238,238,255,10,37,37,37,52,219,53,219,37,37,37
3,255,185,186,255,10,0,2,0,254,254,254,254,1,0,1,240,238,244,255,10,49,62,204,62,204,255,49,255,49,63,147,146,150,36,14,205,62,204,254,50,255,139,226,164,211,182,186,205,63
3,209,209,224,255,10,0,1,255,1,255,255,0,255,0,1,240,238,244,255,10,49,62,204,62,204,255,49,255,49,63,147,146,150,36,14,205,62,204,254,50,255,139,226,164,211,182,186,205,63
3,255,145,0,255,10,0,1,255,1,255,255,0,255,0,1,240,238,244,255,10,49,62,204,62,204,255,49,255,49,63,147,146,150,36,14,205,62,204,254,50,255,139,226,164,211,182,186,205,63
3,255,255,170,255,10,0,2,253,2,252,254,0,254,0,2,240,238,244,255,10,49,62,204,62,204,255,49,255,49,63,147,146,150,36,14,205,62,204,254,50,255,139,226,164,211,182,186,205,63
3,184,240,176,255,10,0,2,253,2,252,254,0,254,0,2,240,238,244,255,10,49,62,204,62,204,255,49,255,49,63,147,146,150,36,14,205,62,204,254,50,255,139,226,164,211,182,186,205,63
3,249,225,249,255,10,0,2,253,2,252,254,0,254,0,2,240,238,244,255,10,49,62,204,62,204,255,49,255,49,63,147,146,150,36,14,205,62,204,254,50,255,139,226,164,211,182,186,205,63
8,255,185,186,255,10,0,2,0,254,254,254,254,1,0,1,255,255,255,255,10,42,34,42,95,223,95,223,33,42,34,255,255,255,255,6,56,44,56,84,81,84,255,255,255,255,10,85,63,97,84,109,63,97,44,86,63,255,255,255,255,8,124,46,124,84,139,70,124,61,255,255,255,255,8,146,47,146,82,159,67,146,60,255,255,255,255,14,167,63,178,84,187,63,178,84,156,90,178,84,168,64,255,255,144,255,16,60,108,42,126,60,144,60,131,186,131,185,121,60,121,60,109
8,209,209,224,255,10,0,1,255,1,255,255,0,255,0,1,255,255,255,255,10,42,34,42,95,223,95,223,33,42,34,255,255,255,255,6,56,44,56,84,81,84,255,255,255,255,10,85,63,97,84,109,63,97,44,86,63,255,255,255,255,8,124,46,124,84,139,70,124,61,255,255,255,255,8,146,47,146,82,159,67,146,60,255,255,255,255,14,167,63,178,84,187,63,178,84,156,90,178,84,168,64,255,255,144,255,16,60,108,42,126,60,144,60,131,186,131,185,121,60,121,60,109
8,255,145,0,255,10,0,1,255,1,255,255,0,255,0,1,255,255,255,255,10,42,34,42,95,223,95,223,33,42,34,255,255,255,255,6,56,44,56,84,81,84,255,255,255,255,10,85,63,97,84,109,63,97,44,86,63,255,255,255,255,8,124,46,124,84,139,70,124,61,255,255,255,255,8,146,47,146,82,159,67,146,60,255,255,255,255,14,167,63,178,84,187,63,178,84,156,90,178,84,168,64,255,255,144,255,16,60,108,42,126,60,144,60,131,186,131,185,121,60,121,60,109
8,255,255,170,255,10,0,2,253,2,252,254,0,254,0,2,255,255,255,255,10,42,34,42,95,223,95,223,33,42,34,255,255,255,255,6,56,44,56,84,81,84,255,255,255,255,10,85,63,97,84,109,63,97,44,86,63,255,255,255,255,8,124,46,124,84,139,70,124,61,255,255,255,255,8,146,47,146,82,159,67,146,60,255,255,255,255,14,167,63,178,84,187,63,178,84,156,90,178,84,168,64,255,255,144,255,16,60,108,42,126,60,144,60,131,186,131,185,121,60,121,60,109
8,184,240,176,255,10,0,2,253,2,252,254,0,254,0,2,255,255,255,255,10,42,34,42,95,223,95,223,33,42,34,255,255,255,255,6,56,44,56,84,81,84,255,255,255,255,10,85,63,97,84,109,63,97,44,86,63,255,255,255,255,8,124,46,124,84,139,70,124,61,255,255,255,255,8,146,47,146,82,159,67,146,60,255,255,255,255,14,167,63,178,84,187,63,178,84,156,90,178,84,168,64,255,255,144,255,16,60,108,42,126,60,144,60,131,186,131,185,121,60,121,60,109
8,249,225,249,255,10,0,2,253,2,252,254,0,254,0,2,255,255,255,255,10,42,34,42,95,223,95,223,33,42,34,255,255,255,255,6,56,44,56,84,81,84,255,255,255,255,10,85,63,97,84,109,63,97,44,86,63,255,255,255,255,8,124,46,124,84,139,70,124,61,255,255,255,255,8,146,47,146,82,159,67,146,60,255,255,255,255,14,167,63,178,84,187,63,178,84,156,90,178,84,168,64,255,255,144,255,16,60,108,42,126,60,144,60,131,186,131,185,121,60,121,60,109
21,255,185,186,255,10,0,2,0,254,254,254,254,1,0,1,255,255,255,255,10,21,20,235,20,235,75,21,75,21,21,255,255,255,49,6,43,28,27,47,44,66,255,255,255,49,10,53,50,65,38,75,48,66,61,54,51,255,255,255,49,10,85,59,85,40,92,49,100,41,100,60,255,255,255,49,8,109,61,109,39,120,47,110,51,255,255,255,49,8,125,41,125,59,135,59,134,41,255,255,255,49,4,142,43,157,43,255,255,255,49,4,150,43,150,60,255,255,255,49,6,164,41,164,59,173,59,255,255,255,49,4,166,51,173,51,255,255,255,49,4,166,42,173,42,255,255,255,49,10,181,60,181,40,191,49,183,53,192,61,0,0,0,255,10,85,86,172,86,172,173,85,173,85,86,246,246,179,255,12,79,79,177,79,172,86,175,86,84,86,78,80,246,246,179,255,8,178,80,176,176,173,173,173,87,246,246,179,255,8,176,177,83,177,86,174,174,173,246,246,179,255,8,83,178,78,81,85,88,87,174,178,179,178,255,10,150,186,189,186,189,189,150,189,150,187,255,255,255,255,10,173,193,184,193,184,197,174,197,173,194,0,255,0,255,10,151,193,151,198,157,198,157,193,152,193
21,209,209,224,255,10,0,1,255,1,255,255,0,255,0,1,255,255,255,255,10,21,20,235,20,235,75,21,75,21,21,255,255,255,49,6,43,28,27,47,44,66,255,255,255,49,10,53,50,65,38,75,48,66,61,54,51,255,255,255,49,10,85,59,85,40,92,49,100,41,100,60,255,255,255,49,8,109,61,109,39,120,47,110,51,255,255,255,49,8,125,41,125,59,135,59,134,41,255,255,255,49,4,142,43,157,43,255,255,255,49,4,150,43,150,60,255,255,255,49,6,164,41,164,59,173,59,255,255,255,49,4,166,51,173,51,255,255,255,49,4,166,42,173,42,255,255,255,49,10,181,60,181,40,191,49,183,53,192,61,0,0,0,255,10,85,86,172,86,172,173,85,173,85,86,246,246,179,255,12,79,79,177,79,172,86,175,86,84,86,78,80,246,246,179,255,8,178,80,176,176,173,173,173,87,246,246,179,255,8,176,177,83,177,86,174,174,173,246,246,179,255,8,83,178,78,81,85,88,87,174,178,179,178,255,10,150,186,189,186,189,189,150,189,150,187,255,255,255,255,10,173,193,184,193,184,197,174,197,173,194,0,255,0,255,10,151,193,151,198,157,198,157,193,152,193
21,255,145,0,255,10,0,1,255,1,255,255,0,255,0,1,255,255,255,255,10,21,20,235,20,235,75,21,75,21,21,255,255,255,49,6,43,28,27,47,44,66,255,255,255,49,10,53,50,65,38,75,48,66,61,54,51,255,255,255,49,10,85,59,85,40,92,49,100,41,100,60,255,255,255,49,8,109,61,109,39,120,47,110,51,255,255,255,49,8,125,41,125,59,135,59,134,41,255,255,255,49,4,142,43,157,43,255,255,255,49,4,150,43,150,60,255,255,255,49,6,164,41,164,59,173,59,255,255,255,49,4,166,51,173,51,255,255,255,49,4,166,42,173,42,255,255,255,49,10,181,60,181,40,191,49,183,53,192,61,0,0,0,255,10,85,86,172,86,172,173,85,173,85,86,246,246,179,255,12,79,79,177,79,172,86,175,86,84,86,78,80,246,246,179,255,8,178,80,176,176,173,173,173,87,246,246,179,255,8,176,177,83,177,86,174,174,173,246,246,179,255,8,83,178,78,81,85,88,87,174,178,179,178,255,10,150,186,189,186,189,189,150,189,150,187,255,255,255,255,10,173,193,184,193,184,197,174,197,173,194,0,255,0,255,10,151,193,151,198,157,198,157,193,152,193
21,255,255,170,255,10,0,2,253,2,252,254,0,254,0,2,255,255,255,255,10,21,20,235,20,235,75,21,75,21,21,255,255,255,49,6,43,28,27,47,44,66,255,255,255,49,10,53,50,65,38,75,48,66,61,54,51,255,255,255,49,10,85,59,85,40,92,49,100,41,100,60,255,255,255,49,8,109,61,109,39,120,47,110,51,255,255,255,49,8,125,41,125,59,135,59,134,41,255,255,255,49,4,142,43,157,43,255,255,255,49,4,150,43,150,60,255,255,255,49,6,164,41,164,59,173,59,255,255,255,49,4,166,51,173,51,255,255,255,49,4,166,42,173,42,255,255,255,49,10,181,60,181,40,191,49,183,53,192,61,0,0,0,255,10,85,86,172,86,172,173,85,173,85,86,246,246,179,255,12,79,79,177,79,172,86,175,86,84,86,78,80,246,246,179,255,8,178,80,176,176,173,173,173,87,246,246,179,255,8,176,177,83,177,86,174,174,173,246,246,179,255,8,83,178,78,81,85,88,87,174,178,179,178,255,10,150,186,189,186,189,189,150,189,150,187,255,255,255,255,10,173,193,184,193,184,197,174,197,173,194,0,255,0,255,10,151,193,151,198,157,198,157,193,152,193
21,184,240,176,255,10,0,2,253,2,252,254,0,254,0,2,255,255,255,255,10,21,20,235,20,235,75,21,75,21,21,255,255,255,49,6,43,28,27,47,44,66,255,255,255,49,10,53,50,65,38,75,48,66,61,54,51,255,255,255,49,10,85,59,85,40,92,49,100,41,100,60,255,255,255,49,8,109,61,109,39,120,47,110,51,255,255,255,49,8,125,41,125,59,135,59,134,41,255,255,255,49,4,142,43,157,43,255,255,255,49,4,150,43,150,60,255,255,255,49,6,164,41,164,59,173,59,255,255,255,49,4,166,51,173,51,255,255,255,49,4,166,42,173,42,255,255,255,49,10,181,60,181,40,191,49,183,53,192,61,0,0,0,255,10,85,86,172,86,172,173,85,173,85,86,246,246,179,255,12,79,79,177,79,172,86,175,86,84,86,78,80,246,246,179,255,8,178,80,176,176,173,173,173,87,246,246,179,255,8,176,177,83,177,86,174,174,173,246,246,179,255,8,83,178,78,81,85,88,87,174,178,179,178,255,10,150,186,189,186,189,189,150,189,150,187,255,255,255,255,10,173,193,184,193,184,197,174,197,173,194,0,255,0,255,10,151,193,151,198,157,198,157,193,152,193
21,249,225,249,255,10,0,2,253,2,252,254,0,254,0,2,255,255,255,255,10,21,20,235,20,235,75,21,75,21,21,255,255,255,49,6,43,28,27,47,44,66,255,255,255,49,10,53,50,65,38,75,48,66,61,54,51,255,255,255,49,10,85,59,85,40,92,49,100,41,100,60,255,255,255,49,8,109,61,109,39,120,47,110,51,255,255,255,49,8,125,41,125,59,135,59,134,41,255,255,255,49,4,142,43,157,43,255,255,255,49,4,150,43,150,60,255,255,255,49,6,164,41,164,59,173,59,255,255,255,49,4,166,51,173,51,255,255,255,49,4,166,42,173,42,255,255,255,49,10,181,60,181,40,191,49,183,53,192,61,0,0,0,255,10,85,86,172,86,172,173,85,173,85,86,246,246,179,255,12,79,79,177,79,172,86,175,86,84,86,78,80,246,246,179,255,8,178,80,176,176,173,173,173,87,246,246,179,255,8,176,177,83,177,86,174,174,173,246,246,179,255,8,83,178,78,81,85,88,87,174,178,179,178,255,10,150,186,189,186,189,189,150,189,150,187,255,255,255,255,10,173,193,184,193,184,197,174,197,173,194,0,255,0,255,10,151,193,151,198,157,198,157,193,152,193
8,255,185,186,255,10,0,2,0,254,254,254,254,1,0,1,207,207,207,255,10,78,28,78,73,191,73,191,28,79,28,255,255,255,211,6,78,73,78,28,86,28,255,255,255,255,6,191,28,78,28,78,35,202,33,35,255,26,90,38,90,67,103,67,103,61,96,61,96,54,102,54,102,48,96,48,96,43,102,43,102,38,91,38,202,33,35,255,26,106,48,111,59,106,66,114,66,116,60,120,66,127,66,121,59,126,48,118,48,116,56,114,48,106,48,202,33,35,255,10,133,49,140,49,139,66,133,66,133,49,202,33,35,255,26,150,37,155,37,155,50,160,50,160,55,154,55,154,65,150,65,150,56,145,56,145,50,150,50,150,37
8,209,209,224,255,10,0,1,255,1,255,255,0,255,0,1,207,207,207,255,10,78,28,78,73,191,73,191,28,79,28,255,255,255,211,6,78,73,78,28,86,28,255,255,255,255,6,191,28,78,28,78,35,202,33,35,255,26,90,38,90,67,103,67,103,61,96,61,96,54,102,54,102,48,96,48,96,43,102,43,102,38,91,38,202,33,35,255,26,106,48,111,59,106,66,114,66,116,60,120,66,127,66,121,59,126,48,118,48,116,56,114,48,106,48,202,33,35,255,10,133,49,140,49,139,66,133,66,133,49,202,33,35,255,26,150,37,155,37,155,50,160,50,160,55,154,55,154,65,150,65,150,56,145,56,145,50,150,50,150,37
8,255,145,0,255,10,0,1,255,1,255,255,0,255,0,1,207,207,207,255,10,78,28,78,73,191,73,191,28,79,28,255,255,255,211,6,78,73,78,28,86,28,255,255,255,255,6,191,28,78,28,78,35,202,33,35,255,26,90,38,90,67,103,67,103,61,96,61,96,54,102,54,102,48,96,48,96,43,102,43,102,38,91,38,202,33,35,255,26,106,48,111,59,106,66,114,66,116,60,120,66,127,66,121,59,126,48,118,48,116,56,114,48,106,48,202,33,35,255,10,133,49,140,49,139,66,133,66,133,49,202,33,35,255,26,150,37,155,37,155,50,160,50,160,55,154,55,154,65,150,65,150,56,145,56,145,50,150,50,150,37
8,255,255,170,255,10,0,2,253,2,252,254,0,254,0,2,207,207,207,255,10,78,28,78,73,191,73,191,28,79,28,255,255,255,211,6,78,73,78,28,86,28,255,255,255,255,6,191,28,78,28,78,35,202,33,35,255,26,90,38,90,67,103,67,103,61,96,61,96,54,102,54,102,48,96,48,96,43,102,43,102,38,91,38,202,33,35,255,26,106,48,111,59,106,66,114,66,116,60,120,66,127,66,121,59,126,48,118,48,116,56,114,48,106,48,202,33,35,255,10,133,49,140,49,139,66,133,66,133,49,202,33,35,255,26,150,37,155,37,155,50,160,50,160,55,154,55,154,65,150,65,150,56,145,56,145,50,150,50,150,37
8,184,240,176,255,10,0,2,253,2,252,254,0,254,0,2,207,207,207,255,10,78,28,78,73,191,73,191,28,79,28,255,255,255,211,6,78,73,78,28,86,28,255,255,255,255,6,191,28,78,28,78,35,202,33,35,255,26,90,38,90,67,103,67,103,61,96,61,96,54,102,54,102,48,96,48,96,43,102,43,102,38,91,38,202,33,35,255,26,106,48,111,59,106,66,114,66,116,60,120,66,127,66,121,59,126,48,118,48,116,56,114,48,106,48,202,33,35,255,10,133,49,140,49,139,66,133,66,133,49,202,33,35,255,26,150,37,155,37,155,50,160,50,160,55,154,55,154,65,150,65,150,56,145,56,145,50,150,50,150,37
8,249,225,249,255,10,0,2,253,2,252,254,0,254,0,2,207,207,207,255,10,78,28,78,73,191,73,191,28,79,28,255,255,255,211,6,78,73,78,28,86,28,255,255,255,255,6,191,28,78,28,78,35,202,33,35,255,26,90,38,90,67,103,67,103,61,96,61,96,54,102,54,102,48,96,48,96,43,102,43,102,38,91,38,202,33,35,255,26,106,48,111,59,106,66,114,66,116,60,120,66,127,66,121,59,126,48,118,48,116,56,114,48,106,48,202,33,35,255,10,133,49,140,49,139,66,133,66,133,49,202,33,35,255,26,150,37,155,37,155,50,160,50,160,55,154,55,154,65,150,65,150,56,145,56,145,50,150,50,150,37
9,255,185,186,255,10,0,2,0,254,254,254,254,1,0,1,207,207,207,255,10,78,28,78,73,191,73,191,28,79,28,255,255,255,211,6,78,73,78,28,86,28,255,255,255,255,6,191,28,78,28,78,35,202,33,35,255,26,90,38,90,67,103,67,103,61,96,61,96,54,102,54,102,48,96,48,96,43,102,43,102,38,91,38,202,33,35,255,26,106,48,111,59,106,66,114,66,116,60,120,66,127,66,121,59,126,48,118,48,116,56,114,48,106,48,202,33,35,255,10,133,49,140,49,139,66,133,66,133,49,202,33,35,255,26,150,37,155,37,155,50,160,50,160,55,154,55,154,65,150,65,150,56,145,56,145,50,150,50,150,37,255,255,167,255,16,162,98,162,113,99,113,99,120,85,106,99,92,99,98,162,98
9,209,209,224,255,10,0,1,255,1,255,255,0,255,0,1,207,207,207,255,10,78,28,78,73,191,73,191,28,79,28,255,255,255,211,6,78,73,78,28,86,28,255,255,255,255,6,191,28,78,28,78,35,202,33,35,255,26,90,38,90,67,103,67,103,61,96,61,96,54,102,54,102,48,96,48,96,43,102,43,102,38,91,38,202,33,35,255,26,106,48,111,59,106,66,114,66,116,60,120,66,127,66,121,59,126,48,118,48,116,56,114,48,106,48,202,33,35,255,10,133,49,140,49,139,66,133,66,133,49,202,33,35,255,26,150,37,155,37,155,50,160,50,160,55,154,55,154,65,150,65,150,56,145,56,145,50,150,50,150,37,255,255,167,255,16,162,98,162,113,99,113,99,120,85,106,99,92,99,98,162,98
9,255,145,0,255,10,0,1,255,1,255,255,0,255,0,1,207,207,207,255,10,78,28,78,73,191,73,191,28,79,28,255,255,255,211,6,78,73,78,28,86,28,255,255,255,255,6,191,28,78,28,78,35,202,33,35,255,26,90,38,90,67,103,67,103,61,96,61,96,54,102,54,102,48,96,48,96,43,102,43,102,38,91,38,202,33,35,255,26,106,48,111,59,106,66,114,66,116,60,120,66,127,66,121,59,126,48,118,48,116,56,114,48,106,48,202,33,35,255,10,133,49,140,49,139,66,133,66,133,49,202,33,35,255,26,150,37,155,37,155,50,160,50,160,55,154,55,154,65,150,65,150,56,145,56,145,50,150,50,150,37,255,255,167,255,16,162,98,162,113,99,113,99,120,85,106,99,92,99,98,162,98
9,255,255,170,255,10,0,2,253,2,252,254,0,254,0,2,207,207,207,255,10,78,28,78,73,191,73,191,28,79,28,255,255,255,211,6,78,73,78,28,86,28,255,255,255,255,6,191,28,78,28,78,35,202,33,35,255,26,90,38,90,67,103,67,103,61,96,61,96,54,102,54,102,48,96,48,96,43,102,43,102,38,91,38,202,33,35,255,26,106,48,111,59,106,66,114,66,116,60,120,66,127,66,121,59,126,48,118,48,116,56,114,48,106,48,202,33,35,255,10,133,49,140,49,139,66,133,66,133,49,202,33,35,255,26,150,37,155,37,155,50,160,50,160,55,154,55,154,65,150,65,150,56,145,56,145,50,150,50,150,37,255,255,167,255,16,162,98,162,113,99,113,99,120,85,106,99,92,99,98,162,98
9,184,240,176,255,10,0,2,253,2,252,254,0,254,0,2,207,207,207,255,10,78,28,78,73,191,73,191,28,79,28,255,255,255,211,6,78,73,78,28,86,28,255,255,255,255,6,191,28,78,28,78,35,202,33,35,255,26,90,38,90,67,103,67,103,61,96,61,96,54,102,54,102,48,96,48,96,43,102,43,102,38,91,38,202,33,35,255,26,106,48,111,59,106,66,114,66,116,60,120,66,127,66,121,59,126,48,118,48,116,56,114,48,106,48,202,33,35,255,10,133,49,140,49,139,66,133,66,133,49,202,33,35,255,26,150,37,155,37,155,50,160,50,160,55,154,55,154,65,150,65,150,56,145,56,145,50,150,50,150,37,255,255,167,255,16,162,98,162,113,99,113,99,120,85,106,99,92,99,98,162,98
9,249,225,249,255,10,0,2,253,2,252,254,0,254,0,2,207,207,207,255,10,78,28,78,73,191,73,191,28,79,28,255,255,255,211,6,78,73,78,28,86,28,255,255,255,255,6,191,28,78,28,78,35,202,33,35,255,26,90,38,90,67,103,67,103,61,96,61,96,54,102,54,102,48,96,48,96,43,102,43,102,38,91,38,202,33,35,255,26,106,48,111,59,106,66,114,66,116,60,120,66,127,66,121,59,126,48,118,48,116,56,114,48,106,48,202,33,35,255,10,133,49,140,49,139,66,133,66,133,49,202,33,35,255,26,150,37,155,37,155,50,160,50,160,55,154,55,154,65,150,65,150,56,145,56,145,50,150,50,150,37,255,255,167,255,16,162,98,162,113,99,113,99,120,85,106,99,92,99,98,162,98
9,255,185,186,255,10,0,2,0,254,254,254,254,1,0,1,207,207,207,255,10,78,28,78,73,191,73,191,28,79,28,255,255,255,211,6,78,73,78,28,86,28,255,255,255,255,6,191,28,78,28,78,35,202,33,35,255,26,90,38,90,67,103,67,103,61,96,61,96,54,102,54,102,48,96,48,96,43,102,43,102,38,91,38,202,33,35,255,26,106,48,111,59,106,66,114,66,116,60,120,66,127,66,121,59,126,48,118,48,116,56,114,48,106,48,202,33,35,255,10,133,49,140,49,139,66,133,66,133,49,215,79,0,255,26,150,37,155,37,155,50,160,50,160,55,154,55,154,65,150,65,150,56,145,56,145,50,150,50,150,37,255,255,156,255,18,85,98,85,112,171,112,171,111,171,119,185,105,171,92,171,98,85,98
9,209,209,224,255,10,0,1,255,1,255,255,0,255,0,1,207,207,207,255,10,78,28,78,73,191,73,191,28,79,28,255,255,255,211,6,78,73,78,28,86,28,255,255,255,255,6,191,28,78,28,78,35,202,33,35,255,26,90,38,90,67,103,67,103,61,96,61,96,54,102,54,102,48,96,48,96,43,102,43,102,38,91,38,202,33,35,255,26,106,48,111,59,106,66,114,66,116,60,120,66,127,66,121,59,126,48,118,48,116,56,114,48,106,48,202,33,35,255,10,133,49,140,49,139,66,133,66,133,49,215,79,0,255,26,150,37,155,37,155,50,160,50,160,55,154,55,154,65,150,65,150,56,145,56,145,50,150,50,150,37,255,255,156,255,18,85,98,85,112,171,112,171,111,171,119,185,105,171,92,171,98,85,98
9,255,145,0,255,10,0,1,255,1,255,255,0,255,0,1,207,207,207,255,10,78,28,78,73,191,73,191,28,79,28,255,255,255,211,6,78,73,78,28,86,28,255,255,255,255,6,191,28,78,28,78,35,202,33,35,255,26,90,38,90,67,103,67,103,61,96,61,96,54,102,54,102,48,96,48,96,43,102,43,102,38,91,38,202,33,35,255,26,106,48,111,59,106,66,114,66,116,60,120,66,127,66,121,59,126,48,118,48,116,56,114,48,106,48,202,33,35,255,10,133,49,140,49,139,66,133,66,133,49,215,79,0,255,26,150,37,155,37,155,50,160,50,160,55,154,55,154,65,150,65,150,56,145,56,145,50,150,50,150,37,255,255,156,255,18,85,98,85,112,171,112,171,111,171,119,185,105,171,92,171,98,85,98
9,255,255,170,255,10,0,2,253,2,252,254,0,254,0,2,207,207,207,255,10,78,28,78,73,191,73,191,28,79,28,255,255,255,211,6,78,73,78,28,86,28,255,255,255,255,6,191,28,78,28,78,35,202,33,35,255,26,90,38,90,67,103,67,103,61,96,61,96,54,102,54,102,48,96,48,96,43,102,43,102,38,91,38,202,33,35,255,26,106,48,111,59,106,66,114,66,116,60,120,66,127,66,121,59,126,48,118,48,116,56,114,48,106,48,202,33,35,255,10,133,49,140,49,139,66,133,66,133,49,215,79,0,255,26,150,37,155,37,155,50,160,50,160,55,154,55,154,65,150,65,150,56,145,56,145,50,150,50,150,37,255,255,156,255,18,85,98,85,112,171,112,171,111,171,119,185,105,171,92,171,98,85,98
9,184,240,176,255,10,0,2,253,2,252,254,0,254,0,2,207,207,207,255,10,78,28,78,73,191,73,191,28,79,28,255,255,255,211,6,78,73,78,28,86,28,255,255,255,255,6,191,28,78,28,78,35,202,33,35,255,26,90,38,90,67,103,67,103,61,96,61,96,54,102,54,102,48,96,48,96,43,102,43,102,38,91,38,202,33,35,255,26,106,48,111,59,106,66,114,66,116,60,120,66,127,66,121,59,126,48,118,48,116,56,114,48,106,48,202,33,35,255,10,133,49,140,49,139,66,133,66,133,49,215,79,0,255,26,150,37,155,37,155,50,160,50,160,55,154,55,154,65,150,65,150,56,145,56,145,50,150,50,150,37,255,255,156,255,18,85,98,85,112,171,112,171,111,171,119,185,105,171,92,171,98,85,98
9,249,225,249,255,10,0,2,253,2,252,254,0,254,0,2,207,207,207,255,10,78,28,78,73,191,73,191,28,79,28,255,255,255,211,6,78,73,78,28,86,28,255,255,255,255,6,191,28,78,28,78,35,202,33,35,255,26,90,38,90,67,103,67,103,61,96,61,96,54,102,54,102,48,96,48,96,43,102,43,102,38,91,38,202,33,35,255,26,106,48,111,59,106,66,114,66,116,60,120,66,127,66,121,59,126,48,118,48,116,56,114,48,106,48,202,33,35,255,10,133,49,140,49,139,66,133,66,133,49,215,79,0,255,26,150,37,155,37,155,50,160,50,160,55,154,55,154,65,150,65,150,56,145,56,145,50,150,50,150,37,255,255,156,255,18,85,98,85,112,171,112,171,111,171,119,185,105,171,92,171,98,85,98
6,255,185,186,255,10,0,2,0,254,254,254,254,1,0,1,255,255,255,255,10,166,62,103,118,111,125,171,69,167,63,219,219,219,255,10,103,119,99,126,105,131,111,126,103,119,222,118,0,255,12,155,73,161,78,172,69,171,69,167,63,155,73,220,34,0,255,94,133,53,133,65,149,66,160,72,167,76,170,85,168,102,164,112,152,126,141,131,127,133,115,133,106,133,94,128,89,121,86,108,85,89,87,84,92,79,98,73,107,69,115,66,123,64,132,64,134,53,124,54,109,54,100,59,91,63,83,71,80,82,78,94,80,109,85,125,89,134,99,137,114,139,132,138,147,138,159,133,171,119,176,104,180,90,180,80,175,70,159,58,134,53,220,34,0,255,10,92,81,150,128,157,121,98,73,91,80
6,209,209,224,255,10,0,1,255,1,255,255,0,255,0,1,255,255,255,255,10,166,62,103,118,111,125,171,69,167,63,219,219,219,255,10,103,119,99,126,105,131,111,126,103,119,222,118,0,255,12,155,73,161,78,172,69,171,69,167,63,155,73,220,34,0,255,94,133,53,133,65,149,66,160,72,167,76,170,85,168,102,164,112,152,126,141,131,127,133,115,133,106,133,94,128,89,121,86,108,85,89,87,84,92,79,98,73,107,69,115,66,123,64,132,64,134,53,124,54,109,54,100,59,91,63,83,71,80,82,78,94,80,109,85,125,89,134,99,137,114,139,132,138,147,138,159,133,171,119,176,104,180,90,180,80,175,70,159,58,134,53,220,34,0,255,10,92,81,150,128,157,121,98,73,91,80
6,255,145,0,255,10,0,1,255,1,255,255,0,255,0,1,255,255,255,255,10,166,62,103,118,111,125,171,69,167,63,219,219,219,255,10,103,119,99,126,105,131,111,126,103,119,222,118,0,255,12,155,73,161,78,172,69,171,69,167,63,155,73,220,34,0,255,94,133,53,133,65,149,66,160,72,167,76,170,85,168,102,164,112,152,126,141,131,127,133,115,133,106,133,94,128,89,121,86,108,85,89,87,84,92,79,98,73,107,69,115,66,123,64,132,64,134,53,124,54,109,54,100,59,91,63,83,71,80,82,78,94,80,109,85,125,89,134,99,137,114,139,132,138,147,138,159,133,171,119,176,104,180,90,180,80,175,70,159,58,134,53,220,34,0,255,10,92,81,150,128,157,121,98,73,91,80
6,255,255,170,255,10,0,2,253,2,252,254,0,254,0,2,255,255,255,255,10,166,62,103,118,111,125,171,69,167,63,219,219,219,255,10,103,119,99,126,105,131,111,126,103,119,222,118,0,255,12,155,73,161,78,172,69,171,69,167,63,155,73,220,34,0,255,94,133,53,133,65,149,66,160,72,167,76,170,85,168,102,164,112,152,126,141,131,127,133,115,133,106,133,94,128,89,121,86,108,85,89,87,84,92,79,98,73,107,69,115,66,123,64,132,64,134,53,124,54,109,54,100,59,91,63,83,71,80,82,78,94,80,109,85,125,89,134,99,137,114,139,132,138,147,138,159,133,171,119,176,104,180,90,180,80,175,70,159,58,134,53,220,34,0,255,10,92,81,150,128,157,121,98,73,91,80
6,184,240,176,255,10,0,2,253,2,252,254,0,254,0,2,255,255,255,255,10,166,62,103,118,111,125,171,69,167,63,219,219,219,255,10,103,119,99,126,105,131,111,126,103,119,222,118,0,255,12,155,73,161,78,172,69,171,69,167,63,155,73,220,34,0,255,94,133,53,133,65,149,66,160,72,167,76,170,85,168,102,164,112,152,126,141,131,127,133,115,133,106,133,94,128,89,121,86,108,85,89,87,84,92,79,98,73,107,69,115,66,123,64,132,64,134,53,124,54,109,54,100,59,91,63,83,71,80,82,78,94,80,109,85,125,89,134,99,137,114,139,132,138,147,138,159,133,171,119,176,104,180,90,180,80,175,70,159,58,134,53,220,34,0,255,10,92,81,150,128,157,121,98,73,91,80
6,249,225,249,255,10,0,2,253,2,252,254,0,254,0,2,255,255,255,255,10,166,62,103,118,111,125,171,69,167,63,219,219,219,255,10,103,119,99,126,105,131,111,126,103,119,222,118,0,255,12,155,73,161,78,172,69,171,69,167,63,155,73,220,34,0,255,94,133,53,133,65,149,66,160,72,167,76,170,85,168,102,164,112,152,126,141,131,127,133,115,133,106,133,94,128,89,121,86,108,85,89,87,84,92,79,98,73,107,69,115,66,123,64,132,64,134,53,124,54,109,54,100,59,91,63,83,71,80,82,78,94,80,109,85,125,89,134,99,137,114,139,132,138,147,138,159,133,171,119,176,104,180,90,180,80,175,70,159,58,134,53,220,34,0,255,10,92,81,150,128,157,121,98,73,91,80
2,255,185,186,255,10,0,2,0,254,254,254,254,1,0,1,255,255,0,96,10,33,49,135,49,135,105,33,104,33,49
2,209,209,224,255,10,0,1,255,1,255,255,0,255,0,1,255,255,0,96,10,33,49,135,49,135,105,33,104,33,49
2,255,145,0,255,10,0,1,255,1,255,255,0,255,0,1,255,255,0,96,10,33,49,135,49,135,105,33,104,33,49
2,255,255,170,255,10,0,2,253,2,252,254,0,254,0,2,255,255,0,96,10,33,49,135,49,135,105,33,104,33,49
2,184,240,176,255,10,0,2,253,2,252,254,0,254,0,2,255,255,0,96,10,33,49,135,49,135,105,33,104,33,49
2,249,225,249,255,10,0,2,253,2,252,254,0,254,0,2,255,255,0,96,10,33,49,135,49,135,105,33,104,33,49
3,255,185,186,255,10,0,2,0,254,254,254,254,1,0,1,255,255,0,96,10,33,49,33,94,80,94,80,49,33,49,255,255,0,96,10,130,93,130,146,235,146,235,93,130,93
3,209,209,224,255,10,0,1,255,1,255,255,0,255,0,1,255,255,0,96,10,33,49,33,94,80,94,80,49,33,49,255,255,0,96,10,130,93,130,146,235,146,235,93,130,93
3,255,145,0,255,10,0,1,255,1,255,255,0,255,0,1,255,255,0,96,10,33,49,33,94,80,94,80,49,33,49,255,255,0,96,10,130,93,130,146,235,146,235,93,130,93
3,255,255,170,255,10,0,2,253,2,252,254,0,254,0,2,255,255,0,96,10,33,49,33,94,80,94,80,49,33,49,255,255,0,96,10,130,93,130,146,235,146,235,93,130,93
3,184,240,176,255,10,0,2,253,2,252,254,0,254,0,2,255,255,0,96,10,33,49,33,94,80,94,80,49,33,49,255,255,0,96,10,130,93,130,146,235,146,235,93,130,93
3,249,225,249,255,10,0,2,253,2,252,254,0,254,0,2,255,255,0,96,10,33,49,33,94,80,94,80,49,33,49,255,255,0,96,10,130,93,130,146,235,146,235,93,130,93
4,196,198,255,255,22,75,74,171,74,171,177,155,193,142,193,142,143,83,143,83,191,80,191,75,186,75,74,255,255,255,255,10,80,75,80,136,160,136,160,74,81,74,238,238,238,255,10,84,143,142,143,142,192,83,192,83,143,255,255,255,255,10,89,149,106,149,106,191,89,191,89,149
4,76,152,128,255,22,75,74,171,74,171,177,155,193,142,193,142,143,83,143,83,191,80,191,75,186,75,74,255,255,255,255,10,80,75,80,136,160,136,160,74,81,74,238,238,238,255,10,84,143,142,143,142,192,83,192,83,143,255,255,255,255,10,89,149,106,149,106,191,89,191,89,149
4,255,137,109,255,22,75,74,171,74,171,177,155,193,142,193,142,143,83,143,83,191,80,191,75,186,75,74,255,255,255,255,10,80,75,80,136,160,136,160,74,81,74,238,238,238,255,10,84,143,142,143,142,192,83,192,83,143,255,255,255,255,10,89,149,106,149,106,191,89,191,89,149
4,255,255,147,255,22,75,74,171,74,171,177,155,193,142,193,142,143,83,143,83,191,80,191,75,186,75,74,255,255,255,255,10,80,75,80,136,160,136,160,74,81,74,238,238,238,255,10,84,143,142,143,142,192,83,192,83,143,255,255,255,255,10,89,149,106,149,106,191,89,191,89,149
2,255,114,114,214,26,60,117,122,210,190,117,190,79,174,54,153,54,137,67,123,90,110,65,95,54,75,54,57,68,59,116,255,255,255,214,12,65,78,81,63,95,78,71,84,65,102,65,79